Tiles Yay (row col xsize ysize type xoffset yoffset)
7
91
0 0 1 5 1 0 0 #1
0 1 1 5 1 0 0
0 2 1 5 1 0 0
0 3 1 5 1 0 0
0 4 1 5 1 0 0
0 5 1 5 0 0 20 #sky
0 6 1 5 0 0 20
0 7 1 5 0 0 20
0 8 1 5 0 0 20
0 9 1 5 0 0 0 #columns
0 10 1 6 0 0 -2
5 0 1 1 0 0 0 #light grey tiles
5 1 1 1 0 0 0
6 1 1 1 0 0 0
6 0 1 1 0 0 0
5 2 1 1 0 0 0 #grey tiles
5 3 1 1 0 0 0
6 3 1 1 0 0 0
6 2 1 1 0 0 0
5 4 1 1 0 0 0 #dark grey tiles
5 5 1 1 0 0 0
6 5 1 1 0 0 0
6 4 1 1 0 0 0
5 6 1 1 0 0 0 #extra tiles
5 7 1 1 0 0 0
5 8 1 1 0 0 0
7 0 1 1 0 0 0 #red carpet
7 1 1 1 0 0 0
7 2 1 1 0 0 0
8 0 1 1 0 0 0
8 1 1 1 0 0 0
8 2 1 1 0 0 0
9 0 1 1 0 0 0
9 1 1 1 0 0 0
9 2 1 1 0 0 0
10 0 1 1 0 0 0 #red carpet (part 2)
10 1 1 1 0 0 0
10 2 1 1 0 0 0
11 0 1 1 0 0 0
11 1 1 1 0 0 0
11 2 1 1 0 0 0
12 0 1 1 0 0 0
12 1 1 1 0 0 0
12 2 1 1 0 0 0
13 0 1 1 0 0 0 #red carpet (part 3)
13 1 1 1 0 0 0
13 2 1 1 0 0 0
14 0 1 1 0 0 0
14 1 1 1 0 0 0
14 2 1 1 0 0 0
15 0 1 1 0 0 0
15 1 1 1 0 0 0
15 2 1 1 0 0 0
16 0 1 1 0 0 0 #red carpet (part 4)
16 1 1 1 0 0 0
16 2 1 1 0 0 0
17 0 1 1 0 0 0
17 1 1 1 0 0 0
17 2 1 1 0 0 0
18 0 1 1 0 0 0
18 1 1 1 0 0 0
18 2 1 1 0 0 0
19 0 1 1 0 0 -9 #pins
19 1 1 1 0 0 -9
19 2 1 1 0 0 -9
19 3 1 1 0 0 -9
20 0 1 1 0 0 -9
20 1 1 1 0 0 -9
20 2 1 1 0 0 -9
20 3 1 1 0 0 -9
21 0 1 1 0 0 -9
21 1 1 1 0 0 -9
21 2 1 1 0 0 -9
21 3 1 1 0 0 -9
22 1 1 1 0 0 -9
22 2 1 1 0 0 -9
22 3 1 1 0 0 -9
23 0 2 2 0 0 -4 #tables
23 2 2 2 0 0 -4
7 3 3 4 0 0 0 #star
0 11 2 11 1 -20 0 #Enterance walls
0 13 1 11 1 0 0
0 14 2 11 1 0 0
0 16 2 11 1 -20 0
0 18 1 11 1 0 0
0 19 2 11 1 0 0
0 21 15 15 0 0 0 #stairs/reception/celestia
0 36 2 6 0 0 0 #banners
0 38 2 6 0 0 0
0 40 2 6 0 0 0
0 42 3 7 0 0 0